1
Frequency	Gain . dB
2000000000	1.84150171279907
2050000000	3.57751941680908
2100000000	4.13008832931519
2150000000	4.67799520492554
2200000000	5.43413829803467
2250000000	6.45420742034912
2300000000	6.66123104095459
2350000000	7.20668458938599
2400000000	7.63196849822998
2450000000	8.09635066986084
2500000000	8.64359474182129
2550000000	9.00454807281494
2600000000	8.95826244354248
2650000000	9.41570281982422
2700000000	9.76667881011963
2750000000	9.68190479278564
2800000000	9.41620635986328
2850000000	9.50928401947021
2900000000	9.78377056121826
2950000000	9.84599876403809
3000000000	9.76037693023682
3050000000	9.75717735290527
3100000000	10.0319108963013
3150000000	9.9893798828125
3200000000	9.77134132385254
3250000000	10.1270961761475
3300000000	10.3244972229004
3350000000	10.6859283447266
3400000000	11.0204267501831
3450000000	11.230037689209
3500000000	11.2629489898682
3550000000	11.5178642272949
3600000000	11.8170328140259
3650000000	12.035927772522
3700000000	12.4171371459961
3750000000	12.6762371063232
3800000000	12.7890548706055
3850000000	12.8572788238525
3900000000	12.9690704345703
3950000000	13.1236305236816
4000000000	12.8818454742432
4050000000	12.6674337387085
4100000000	12.717963218689
4150000000	13.1332502365112
4200000000	13.0580778121948
4250000000	12.9433479309082
4300000000	13.21657371521
4350000000	13.0043878555298
4400000000	13.043664932251
4450000000	13.2427577972412
4500000000	12.6810922622681
4550000000	12.7360229492187
4600000000	12.1283416748047
4650000000	11.9751672744751
4700000000	12.3231782913208
4750000000	12.3037376403809
4800000000	11.7902412414551
4850000000	11.9013719558716
4900000000	12.1615552902222
4950000000	11.9367351531982
5000000000	11.9312982559204
5050000000	12.0302391052246
5100000000	11.8541774749756
5150000000	11.9729681015015
5200000000	11.7496404647827
5250000000	11.4958591461182
5300000000	11.3981142044067
5350000000	10.9926719665527
5400000000	11.0455894470215
5450000000	10.8935050964355
5500000000	10.6994047164917
5550000000	10.5759534835815
5600000000	10.6690607070923
5650000000	10.2999258041382
5700000000	10.0968627929688
5750000000	8.90121269226074
5800000000	10.9668474197388
5850000000	11.2006549835205
5900000000	9.78337097167969
5950000000	4.6996693611145
6000000000	4.97956466674805
